 Cube file generated by hand  
 doped triangulene
   34    -7.5 -7.5 -5.0 
   31    0.500000    0.000000    0.000000
   31    0.000000    0.500000    0.000000
   21    0.000000    0.000000    0.500000
  6  6.0000    -3.31358200    -1.83711693    -0.36201984
  6  6.0000    -2.84810100    -3.15493293    -0.54063484
  6  6.0000    -1.48966700    -3.48353693    -0.36217484
  6  6.0000    -0.54860300    -2.48533693     0.07144316
  6  6.0000    -1.06702100    -1.18190693     0.36105816
  6  6.0000    -2.41653000    -0.79911993     0.07150116
 15 15.0000     0.00000000     0.00000007     1.22740316
  6  6.0000     1.55707200    -0.33311393     0.36105816
  6  6.0000     1.90032300    -1.69321693     0.07150116
  6  6.0000     0.88776500    -2.74429893     0.09431516
  6  6.0000     3.24778100    -1.95108793    -0.36201984
  6  6.0000     4.15630300    -0.88906093    -0.54063484
  6  6.0000     3.76166500     0.45167907    -0.36217484
  6  6.0000     2.42666600     0.76756407     0.07144316
  6  6.0000     1.93275000     2.14097607     0.09431516
  6  6.0000     0.51620700     2.49233607     0.07150116
  6  6.0000    -0.49005100     1.51502107     0.36105816
  6  6.0000    -2.82051500     0.60332307     0.09431516
  6  6.0000    -1.87806300     1.71777307     0.07144316
  6  6.0000     0.06580100     3.78820407    -0.36201984
  6  6.0000    -1.30820200     4.04399407    -0.54063484
  6  6.0000    -2.27199800     3.03185807    -0.36217484
  1  1.0000    -4.36267900    -1.58923993    -0.57397984
  1  1.0000    -3.55063100    -3.93313493    -0.86864684
  1  1.0000    -1.13607800    -4.50185893    -0.57422684
  1  1.0000     1.21928600    -3.76945593    -0.12109084
  1  1.0000     3.55766200    -2.98357093    -0.57397984
  1  1.0000     5.18151000    -1.10836893    -0.86864684
  1  1.0000     4.46676300     1.26705707    -0.57422684
  1  1.0000     2.65480200     2.94066107    -0.12109084
  1  1.0000     0.80501700     4.57281107    -0.57397984
  1  1.0000    -1.63087900     5.04150407    -0.86864684
  1  1.0000    -3.33068500     3.23480207    -0.57422684
  1  1.0000    -3.87408800     0.82879607    -0.12109084
