14
572
189
747
84
736
223
793
609
246
759
772
760
268
294
26
295
466
574
759
280
149
225
27
467
563
525
292
317
734
292
455
768
744
671
527
478
189
769
38
733
329
246
431
562
247
573
162
780
245
3
549
791
256
330
381
246
492
745
539
246
2
283
36
14
611
233
428
272
282
783
235
139
124
586
793
526
570
480
526
402
234
151
225
199
551
26
525
282
468
414
236
48
249
737
247
248
188
339
536
295
294
454
772
547
724
770
490
99
280
12
211
477
502
340
687
682
13
478
481
795
403
236
795
525
513
735
619
479
659
233
135
501
503
610
292
258
329
73
659
136
501
572
501
547
418
27
795
47
513
489
73
281
24
722
108
110
2
466
771
503
551
660
574
49
247
563
315
699
443
50
418
672
490
525
270
24
14
