   -5.1128  -1.8470  	0.00111776	0.00112146
   -5.1134  -1.8484  	0.00112164	0.00112523
   -5.1140  -1.8497  	0.00112445	0.00112781
   -5.1146  -1.8510  	0.00112442	0.00112719
   -5.1153  -1.8522  	0.00112311	0.00112514
   -5.1160  -1.8534  	0.00111846	0.00112127
   -5.1167  -1.8546  	0.00111683	0.00111821
   -5.1175  -1.8556  	0.00110985	0.0011112
   -5.1182  -1.8567  	0.00110412	0.00110488
   -5.1190  -1.8576  	0.0010946	0.00109582
   -5.1198  -1.8585  	0.0010871	0.00108806
   -5.1207  -1.8593  	0.00107728	0.0010777
   -5.1215  -1.8601  	0.0010667	0.00106738
   -5.1224  -1.8608  	0.00105605	0.00105651
   -5.1233  -1.8614  	0.00104584	0.00104644
   -5.1242  -1.8620  	0.00103449	0.00103514
   -5.1252  -1.8625  	0.00102319	0.00102398
   -5.1261  -1.8629  	0.00101218	0.00101312
   -5.1271  -1.8632  	0.00100179	0.00100292
   -5.1281  -1.8634  	0.000991194	0.000992395
   -5.1291  -1.8636  	0.000981486	0.000982895
   -5.1301  -1.8637  	0.000971911	0.000973613
   -5.1312  -1.8637  	0.000963283	0.000965223
   -5.1322  -1.8637  	0.000955277	0.000957457
   -5.1333  -1.8635  	0.000948311	0.000950762
   -5.1344  -1.8633  	0.000942636	0.000945366
   -5.1355  -1.8630  	0.000936873	0.000939842
   -5.1366  -1.8626  	0.000933475	0.00093666
   -5.1378  -1.8622  	0.000930534	0.000933933
   -5.1389  -1.8616  	0.000928132	0.000931747
   -5.1401  -1.8610  	0.000927754	0.000931594
   -5.1412  -1.8603  	0.000928818	0.000932788
   -5.1424  -1.8595  	0.000930294	0.000934424
   -5.1436  -1.8587  	0.000933308	0.000937558
   -5.1448  -1.8578  	0.000938505	0.000942864
   -5.1460  -1.8568  	0.00094371	0.00094812
   -5.1473  -1.8557  	0.000950528	0.000955029
   -5.1485  -1.8546  	0.000959835	0.000964351
   -5.1497  -1.8534  	0.000969091	0.000973633
   -5.1510  -1.8521  	0.000980579	0.000985179
   -5.1523  -1.8508  	0.000993102	0.00099765
   -5.1536  -1.8494  	0.00100745	0.00101203
   -5.1549  -1.8479  	0.00102318	0.0010277
   -5.1562  -1.8464  	0.001039	0.00104353
   -5.1575  -1.8448  	0.00105893	0.00106331
   -5.1588  -1.8432  	0.00107861	0.00108308
   -5.1602  -1.8416  	0.0010996	0.00110408
   -5.1615  -1.8398  	0.00112278	0.00112702
   -5.1629  -1.8381  	0.00114771	0.00115196
   -5.1643  -1.8363  	0.00117382	0.00117791
   -5.1657  -1.8344  	0.00120153	0.0012058
   -5.1671  -1.8325  	0.00123023	0.00123428
   -5.1685  -1.8306  	0.00126172	0.00126565
   -5.1699  -1.8286  	0.00129362	0.00129752
   -5.1714  -1.8266  	0.00132789	0.00133171
   -5.1728  -1.8246  	0.00136309	0.001367
   -5.1743  -1.8226  	0.00140061	0.00140434
   -5.1758  -1.8205  	0.00143908	0.0014426
   -5.1773  -1.8185  	0.0014794	0.00148295
   -5.1788  -1.8164  	0.00152067	0.00152405
   -5.1803  -1.8143  	0.00156347	0.00156703
   -5.1819  -1.8121  	0.00160789	0.00161122
   -5.1834  -1.8100  	0.00165415	0.0016572
   -5.1850  -1.8079  	0.00170121	0.00170433
   -5.1866  -1.8058  	0.0017495	0.00175274
   -5.1882  -1.8037  	0.00179978	0.00180257
   -5.1899  -1.8015  	0.00185036	0.00185313
   -5.1915  -1.7994  	0.00190251	0.00190526
   -5.1932  -1.7973  	0.00195562	0.00195833
   -5.1949  -1.7953  	0.00200968	0.00201207
   -5.1966  -1.7932  	0.00206491	0.0020673
   -5.1984  -1.7911  	0.00212065	0.00212307
   -5.2001  -1.7891  	0.00217736	0.00217939
   -5.2019  -1.7871  	0.00223443	0.00223642
   -5.2037  -1.7851  	0.00229249	0.00229468
   -5.2055  -1.7832  	0.00235091	0.00235291
   -5.2073  -1.7813  	0.00240978	0.00241136
   -5.2092  -1.7794  	0.00246888	0.00247047
   -5.2111  -1.7775  	0.00252761	0.00252926
   -5.2130  -1.7757  	0.00258755	0.00258894
   -5.2149  -1.7740  	0.00264648	0.00264779
   -5.2169  -1.7722  	0.00270507	0.00270636
   -5.2189  -1.7706  	0.00276483	0.00276581
   -5.2209  -1.7689  	0.00282239	0.00282326
   -5.2229  -1.7674  	0.00288102	0.00288194
   -5.2249  -1.7658  	0.00293773	0.00293855
   -5.2270  -1.7644  	0.00299488	0.00299552
   -5.2291  -1.7629  	0.00305057	0.00305117
   -5.2312  -1.7616  	0.00310546	0.00310596
   -5.2334  -1.7603  	0.00315846	0.00315915
   -5.2355  -1.7590  	0.00321134	0.00321162
   -5.2377  -1.7579  	0.00326275	0.003263
   -5.2399  -1.7567  	0.00331269	0.00331308
   -5.2422  -1.7557  	0.0033603	0.0033607
   -5.2444  -1.7547  	0.00340841	0.00340853
   -5.2467  -1.7538  	0.00345238	0.00345254
   -5.2490  -1.7530  	0.00349553	0.00349584
   -5.2513  -1.7522  	0.00353742	0.00353777
   -5.2536  -1.7515  	0.00357734	0.0035773
   -5.2560  -1.7508  	0.00361427	0.00361452
   -5.2584  -1.7503  	0.0036505	0.00365051
   -5.2607  -1.7498  	0.00368244	0.00368277
   -5.2631  -1.7494  	0.00371509	0.00371493
   -5.2656  -1.7491  	0.00374324	0.00374359
   -5.2680  -1.7488  	0.00376902	0.00376934
   -5.2705  -1.7486  	0.00379382	0.00379406
   -5.2729  -1.7485  	0.00381566	0.00381574
   -5.2754  -1.7485  	0.00383501	0.00383522
   -5.2779  -1.7485  	0.00385144	0.0038519
   -5.2804  -1.7486  	0.00386672	0.0038671
   -5.2829  -1.7488  	0.00387889	0.00387974
   -5.2854  -1.7491  	0.00388929	0.00388976
   -5.2880  -1.7494  	0.00389742	0.00389802
   -5.2905  -1.7498  	0.00390234	0.00390253
   -5.2931  -1.7503  	0.00390573	0.00390664
   -5.2956  -1.7509  	0.00390639	0.00390757
   -5.2982  -1.7515  	0.00390593	0.0039069
   -5.3007  -1.7522  	0.00390292	0.00390362
   -5.3033  -1.7530  	0.00389754	0.00389834
   -5.3058  -1.7539  	0.00389072	0.0038919
   -5.3084  -1.7548  	0.00388192	0.00388258
   -5.3110  -1.7557  	0.00387074	0.00387224
   -5.3135  -1.7568  	0.00385751	0.00385902
   -5.3161  -1.7579  	0.0038463	0.00384768
   -5.3186  -1.7591  	0.00382928	0.00383067
   -5.3212  -1.7603  	0.00381305	0.00381505
   -5.3237  -1.7616  	0.00379846	0.00379944
   -5.3262  -1.7629  	0.00377744	0.00377936
   -5.3287  -1.7643  	0.00375825	0.00376009
   -5.3313  -1.7657  	0.00374035	0.00374151
   -5.3338  -1.7672  	0.00371831	0.00372002
   -5.3362  -1.7688  	0.00369506	0.00369717
   -5.3387  -1.7703  	0.00367436	0.0036756
# homo(ev) lumo(ev) S_ij S_ji
